ques 1 =>

//----------------------------------------------------------------------------

2
2 2
1 2
2 1
3 4
1 2 3 4
5 1 2 3
9 5 1 2

//----------------------------------------------------------------------------

YES
YES


//----------------------------------------------------------------------------

ques 2 =>

//----------------------------------------------------------------------------

7
1
2
178
20
999999999
9000
987654321

//----------------------------------------------------------------------------

0
1
78
10
899999999
8000
887654321

//----------------------------------------------------------------------------

ques 3 =>

//----------------------------------------------------------------------------

2
432
22

//----------------------------------------------------------------------------

435
22

//----------------------------------------------------------------------------

